39.48801891 40.24854943 38.47722176 40.19597591 39.51973852 42.96699487
 37.23441741 46.06211361 41.25577221 40.62510702 40.71643846 38.36014001
 38.37446005 40.18162191 36.87019701 36.06856359 30.92236575 42.54778119
 44.86555863 41.80005268 39.93219619 39.54368819 40.59845307 41.7169775
 35.96989844 36.57069383 36.88376654 37.9076095  42.18350965 38.33335365
 43.0364311  45.764029   44.04158079 37.89290193 33.23467741 40.26593933
 39.99287276 35.83300432 42.0192812  42.78556309 36.10605598 40.47440603
 37.71139415 44.73909839 42.59980458 42.52677739 48.7165186  39.44085598
 43.3720093  41.86095513 37.22114184 36.40864198 45.33958949 38.00513952
 41.00482576 35.0740435  37.67252234 38.13971524 39.20757011 40.31361982
 41.52462387 46.12116917 41.6413995  43.49456762 49.16251754 39.38837863
 41.48625827 42.86287518 37.64566463 42.71310865 40.69897495 41.6333664
 37.79785386 41.42844824 39.70152701 35.0331472  43.83764819 37.01068427
 39.73701905 40.94145137 39.33939763 37.73287124 42.48220674 44.27880098
 30.68149713 44.2728487  42.33030205 36.43524005 41.23840099 38.86692255
 42.89866695 38.23166125 35.49323059 39.53246678 38.89525159 37.72708389
 35.99092143 38.91699312 43.20269417 39.07367847 41.33256952 39.97018957
 39.11559324 40.31495823 43.4163753  41.31755143 39.55575378 33.38065192
 40.19617842 35.96538414 37.92965316 41.08089887 39.92875386 42.73838701
 39.12953278 44.07134677 41.29264318 42.00467991 42.87475533 35.54334178
 41.64168394 41.67425102 41.19621699 41.46615641 40.10311443 37.20044557
 40.51643353 38.47811453 37.32987097 37.79897972 40.58180743 40.05596752
 38.58390188 39.59968373 37.47512545 40.64113065 40.93569859 39.89986236
 40.26764013 39.90662521 42.12303733 36.00235873 36.43886478 40.61316138
 38.02368464 42.96038109 41.47542349 37.68213593 42.19325923 42.22987088
 40.80457179 35.56564422 43.03629888 34.75999713 38.51562735 38.522616
 38.04972848 37.9819203  44.08947577 42.00615114 40.35878039 38.28127301
 42.6886685  39.16635655 40.27078063 40.21218361 43.72879425 41.46848534
 43.59187412 40.42753914 45.22722448 39.83417765 36.4949272  36.54911113
 34.32123117 40.19212907 42.66712576 37.86049656 35.22724074 40.23419524
 42.10140721 43.33790685 38.38351264 43.11746656 42.18080698 43.41032398
 41.56083698 43.19861759 40.01732411 39.46190038 44.65003757 37.6171049
 39.58954935 40.55850081 36.99943749 38.19987591 37.09178008 43.03290957
 33.44766506 40.71194422 32.0149722  40.26758213 39.68486301 39.60890161
 42.80667624 40.13358604 41.23677808 39.63568605 44.30473886 36.26690742
 37.49940725 38.64477066 43.89297683 35.68120231 45.81433699 39.75848318
 34.95168691 42.28894884 40.09162599 36.00288728 37.85331589 40.48071958
 39.27915472 37.42699878 38.77464529 38.98823215 43.1672079  40.13617791
 41.36560194 43.81003977 34.6229898  37.55658948 37.63664285 40.09653692
 39.83395271 43.60118374 37.96235582 37.87994068 43.19452697 39.23241693
 36.22931442 34.76241038 38.40630111 44.1108678  36.35012528 45.36327917
 45.8777892  41.43951836 38.51276678 42.8368418  37.89582469 43.01546632
 41.64251842 44.07187401 38.61992768 37.64394691 36.94435985 43.31027771
 37.92572933 40.32774231 38.90587008 41.18248694 46.77649544 44.97934576
 37.00495992 39.82044304 37.30218419 38.79552793 40.12136378 44.60438162
 41.10177285 45.82596716 43.11666089 37.71752071 33.71640016 37.98243865
 40.81936565 37.25725001 36.76006849 40.90480495 40.27428718 39.09163137
 40.01608197 35.84142024 36.68177224 36.2870644  37.43383867 41.94832903
 40.98085852 39.31841087 45.4561624  41.41719642 42.56722486 39.17993706
 46.86266263 42.36066974 39.7939193  41.3612383  42.72227863 36.89517983
 38.28287056 38.18045005 46.35216905 35.71631532 39.41630184 36.93363559
 41.05674866 43.03607906 37.76540426 43.12370905 40.16344252 39.51330686
 34.9959397  38.65988664 40.68280077 38.46781836 41.44107081 41.37841219
 39.0069633  37.79004259 38.76047473 34.77136696 35.395414   41.26149806
 38.61993128 36.92289148 43.25705138 41.3786855  40.85331841 36.66347814
 39.39617307 39.81221905 37.29806072 38.97135411 41.26481393 36.85550594
 44.7423036  34.39344581 41.54125097 41.06020283 41.14156716 42.91207884
 31.83778148 37.01077356 44.6316092  39.30042503 40.30133867 37.53659571
 40.5000603  37.38456262 37.63248136 45.13013376 33.94773048 35.84710802
 37.36573557 42.31027087 41.85345493 37.10416687 36.69364893 36.69463661
 40.5655269  43.95427882 39.74322199 39.45040317 40.0342201  42.7558529
 38.31251172 37.18054692 36.30380311 41.33900315 42.02347962 40.53944411
 37.53223224 38.39922238 38.00150233 43.40807608 41.64998487 43.59786455
 39.87152462 36.27357621 42.82622113 40.43844987 38.96614794 35.99464455
 40.52081999 46.59664246 44.82698163 35.08107582 34.37743964 45.65239591
 40.6706113  39.43228816 40.79760103 38.01103851 36.06393943 41.15017055
 36.22352811 40.73032127 38.56835914 43.38507348 42.76869608 40.32510259
 43.60333468 36.77013088 43.3274033  37.86410599 38.52174561 35.34892623
 43.07548448 42.44810914 41.15082493 37.57253567 39.66399644 38.1748508
 41.20957242 41.82401881 35.5266755  40.14240083 39.27197228 39.98239331
 41.38525072 38.14334934 36.83977462 35.5651743  34.41505533 40.62326252
 43.65373145 39.38887228 37.28221664 40.599894   42.25523012 43.70470238
 39.06398851 40.25457038 41.83402914 42.97223669 41.69270933 42.13241011
 39.2551504  41.9534799  37.32570282 37.59733603 40.02607877 38.54016649
 39.39819191 42.26021823 37.83226033 40.01304434 43.6751212  43.42211638
 39.35811617 40.40747121 37.13861141 37.48832231 37.89010171 44.32764404
 47.38870904 43.57159512 41.8018115  42.79971285 40.5162057  36.73591543
 37.64381907 41.61307201 36.8812287  37.99751889 37.57499921 40.35366843
 42.31297134 42.00302443 44.80380992 43.80658399 37.43412481 39.79989518
 42.99512433 37.94812257 39.98262976 43.97612146 39.83234627 40.21810688
 37.57180891 40.31739279 38.32856624 36.09688504 41.39899643 38.29284051
 44.62780045 39.98953115 38.05921054 44.36310041 37.23525029 36.65155986
 42.68727035 44.34512527 44.08408901 41.13561974 40.34757433 35.08275655
 41.19014856 39.59014956 38.58292058 36.57594751 43.5431124  41.12691695
 40.01067914 42.48046332 40.82744542 36.6272503  36.44367058 45.72620157
 37.913498   39.97524296 37.36732999 34.33588924 44.51456846 40.50011433
 44.79542131 39.00612008 41.15064643 38.12049236 39.08281937 34.24371789
 42.22372975 35.41931942 34.82923109 36.32152356 36.82426369 36.09353083
 46.33344251 42.93154269 41.2574828  41.41987038 40.23010796 42.82016368
 41.06539234 38.62363481 38.21926307 44.25387298 39.42282765 39.94212951
 45.20106902 35.79893819 40.97792264 40.24150532 41.28018679 47.79810925
 37.17031741 42.37276763 37.77336998 39.29701823 41.0066652  41.5658055
 42.38560665 38.64857677 37.49337283 39.01202024 41.66465679 36.71982139
 41.96891247 40.48041574 40.71063918 38.96293467 37.56603809 45.29528792
 43.38681041 38.99789796 37.15817675 41.26638275 35.89513506 40.87580269
 37.37494448 40.33782577 41.09451898 38.05586275 37.38001302 39.79552811
 41.64230823 35.74627128 42.82728283 40.76979674 38.06370955 41.89943017
 40.70035892 42.86005496 39.38000344 39.10078785 41.96780049 38.19026318
 42.24962075 36.0231974  41.01813494 44.02407776 43.53795999 41.69982709
 40.67668815 41.63184516 39.9948655  41.88204091 41.9383044  34.12625785
 47.49702346 37.25964204 40.4727921  34.74592372 42.46426465 40.43939033
 38.58434351 42.95078238 42.20853849 40.44147928 36.66853969 37.47894794
 39.1476556  42.88458467 45.29821037 43.9494871  39.90619118 39.5198685
 42.64201298 41.43614698 36.24565398 42.18543894 37.51220456 39.38758047
 40.4988865  45.72757685 40.59890073 43.99606217 41.54331448 38.91055492
 38.63330092 41.66693261 34.89963876 40.42993531 40.32105775 43.82136697
 40.78290733 38.9300109  32.34852375 39.36852832 41.59759344 38.59922129
 38.64923736 37.36058082 43.33761745 46.47063357 37.27513754 41.87521241
 37.7145393  37.23819167 39.40429402 41.00198129 43.42563537 42.96114985
 41.31266716 33.98576517 43.84377336 44.66283975 34.28526251 39.9206959
 41.50875652 38.01682173 45.27166077 43.22404975 41.58368318 39.99791294
 39.69184777 46.96309812 40.11237357 41.77096591 41.92279944 38.84942475
 36.81624392 34.86838649 35.0679059  41.47342566 38.64584671 41.18568217
 42.06158973 36.7058585  40.78117981 34.87890375 38.4390682  37.31208189
 40.39687707 34.98091186 40.23469391 43.24195417 33.58498492 40.46515558
 42.06830049 35.86629249 42.65252533 38.30463933 42.49829054 40.60779093
 37.2290446  43.74643337 42.21736391 36.33786381 40.26108134 40.46776337
 37.28826458 40.45099444 42.11553559 39.52609133 42.12989396 43.30834559
 40.55237883 38.28686475 36.1591467  41.11761897 37.49438359 39.1927467
 36.52912877 36.65269305 41.20529941 44.08317221 34.42039149 39.10830797
 39.72100728 40.2073689  43.62986052 36.1656026  46.4002825  42.69442484
 36.7036794  41.55694535 39.53369147 40.47910782 37.08613609 44.68810453
 38.07523245 41.13720603 39.62549904 39.6826124  46.54166863 41.41417676
 42.44193438 40.50560522 45.68212461 46.02964183 41.32951301 36.47893099
 32.27324892 41.24841091 39.24429135 41.84104472 40.18204387 42.50086928
 42.40444689 40.1189506  36.26351669 38.30484912 37.46163699 35.17225851
 36.29241131 44.05141    39.20710035 33.82476711 41.59560322 36.12377074
 39.16368983 42.75699353 38.3299433  41.06515794 35.97647999 39.37324608
 40.06336651 40.6961319  37.67083102 42.17450668 40.4267267  45.25292309
 38.53644873 40.12014227 37.80709453 42.87311414 38.74075313 44.69643569
 38.02600766 34.65782032 40.45161207 37.41543032 41.89126511 37.78559879
 43.3748249  41.48568407 37.08263099 41.02031833 42.7400159  34.51991408
 38.01040738 46.36023259 41.57371078 40.3127636  42.6151291  43.12334031
 43.0081047  42.32216303 41.42327185 43.29724399 39.24802471 38.69003332
 41.11436207 41.22409959 39.60046075 43.96989866 42.38056153 42.16146488
 40.03861824 39.46873881 39.43576743 40.1566751  39.64524381 41.13961511
 32.30301894 40.74865623 37.82502763 39.73122169 34.39465738 36.05045921
 42.05334155 43.19201024 39.80150551 40.04925785 40.64949607 40.938229
 39.52061894 40.43310019 35.56757339 34.85664537 35.23717891 39.81282589
 31.84137471 38.00713914 34.82691384 42.51815782 40.30512771 41.80819176
 40.31512491 36.51369676 38.81745323 40.99618063 43.17959412 37.21572273
 43.17799659 43.13697297 38.55110891 39.78231843 41.69214652 38.61140533
 45.21809325 39.0445563  37.36380324 40.81667756 39.3931339  39.20178834
 41.12121592 41.42837817 42.43669703 37.76965339 41.34528245 40.63475584
 42.37151552 43.57025933 41.3316247  45.68495084 41.2680595  46.4955177
 36.74136992 38.09668523 38.48474141 44.76928074 40.0483166  39.99321635
 35.39165805 38.04477476 42.57626146 40.18596828 45.00163252 34.82453676
 40.67863358 40.1549452  34.64485496 45.11263263 42.67187063 39.17644926
 45.17447018 44.5872727  34.09403195 40.12252538 42.13246864 36.17404527
 40.15298657 35.80645945 36.66716635 44.25794957 37.17719049 43.03666123
 41.49460775 41.73924249 39.1503662  38.51353842 38.2944346  34.20493698
 39.0168097  38.61531399 39.33342597 35.25460364 40.18890388 48.65340902
 33.05556474 44.19192929 41.71607429 43.38625792 39.9176385  42.6631267
 43.54557278 46.10316302 42.25062397 40.75273676 40.6943032  37.52796884
 45.0005424  40.44801884 40.06030373 31.41514028 41.00270838 40.35950699
 35.43601342 34.68652098 38.20399822 35.16928111 38.55577561 36.59212166
 35.83494183 43.35893833 36.87896071 39.3811449  37.99183397 38.80400881
 41.36760956 43.60948519 45.70463794 47.77921775 38.24872239 39.58690266
 41.49473883 39.85428327 41.64069881 36.7019618  36.11037876 45.84690215
 39.80445604 43.99111499 42.42509068 36.51999401 41.82993605 41.92146228
 41.85561987 37.38193333 45.83550902 41.77129299 46.28506128 45.44169911
 39.00056221 41.4000416  41.38666162 37.72171698 37.98168274 42.54366546
 41.14430627 38.0312501  43.41554841 44.81090122 37.24956089 38.79549666
 37.41298142 39.3662706  39.91073296 45.95820504 38.31441506 36.77322602
 39.99989725 36.79452998 41.48411948 44.12411196 43.53851373 43.00714638
 38.89631392 43.99148751 41.86558848 35.60958973 40.37128498 41.12461791
 40.49597491 35.67246324 40.8409929  44.66338136
