 61.96463627 51.95120131 45.83156075 54.75566473 43.34797314 49.76292382
 47.16717532 43.57783665 59.08014061 40.40842439 55.42341731 59.45600367
 53.68770006 53.10892311 47.46573282 51.07879386 49.66473845 36.57962077
 39.41842436 51.29995975 43.88971034 49.90428852 51.45727586 41.29729332
 28.93406026 53.99676719 48.97505834 43.95487688 43.96036917 37.7896428
 48.90317449 69.59752896 50.56258098 39.43117594 49.88376681 40.68713655
 66.3090581  56.06975523 41.46967719 56.56507539 66.73602186 54.40670588
 30.5785307  65.31907289 51.22246917 65.29970226 64.50378747 53.84902851
 65.58435318 59.42038414 54.86070756 54.34120101 33.35710111 67.35672896
 40.01690809 34.17380493 42.8867351  56.94238566 55.55717166 52.5811695
 56.72747757 45.03412964 54.02042292 44.15513061 59.37524328 52.68404294
 40.48649102 66.02846341 60.91618083 35.86085321 45.27443845 38.06877691
 57.19801244 41.09537969 54.57745814 31.27259319 53.15210431 56.58446316
 36.74528464 49.15642819 44.24101684 48.40021354 34.74629741 40.91499742
 49.45169813 51.97349117 65.17472977 46.52284637 50.03201109 62.48984856
 50.11077688 49.07773442 43.08912613 52.63291363 51.53363645 45.96479212
 49.35022935 45.42876617 52.98994367 62.67824375 63.5422217  56.10603272
 51.30510674 47.69130921 64.05451499 59.83217737 43.23376631 52.29906358
 41.01791549 39.85188929 44.21959081 41.67086856 50.84211193 40.24681082
 54.43915894 47.61618341 51.14170678 45.27287303 59.14202841 47.7901326
 51.48319924 50.5898244  53.65023786 47.58519751 42.19340266 52.59957143
 43.74737333 39.52161673 37.52603258 59.78502775 50.16816503 54.32177749
 48.10776698 62.42145608 59.70295523 49.93644803 44.83080361 54.98589251
 46.85063906 58.1127242  52.9325889  53.61027827 50.99848865 44.00343229
 41.21011741 47.05327933 52.1418654  45.26626732 45.83233338 43.3637471
 58.35101212 41.38822985 51.0050951  54.65591813 52.13848502 38.22031987
 36.42858333 47.28929751 54.44863785 42.78325551 39.22684771 47.01153494
 44.37611379 48.82555693 50.96132317 56.88905152 35.72957028 34.65584034
 45.42816604 61.59051083 42.45190225 38.44381604 40.00715314 57.98370013
 54.46687875 56.32275534 54.18834727 45.45579352 50.58606849 51.46385025
 36.5361291  43.74919316 50.63286901 43.87530438 48.4607231  46.58789841
 40.38953574 50.29034154 36.46461579 62.74887792 50.62485091 60.63727028
 45.25222519 50.09440051 50.59281431 43.14110948 55.0378119  53.220722
 48.95568606 48.63239159 43.36062876 42.91370532 39.20269754 59.02404996
 38.70489186 46.869789   44.06639233 42.72965113 51.4629596  56.58102976
 60.10588014 42.00025155 55.97383549 46.06001364 55.26890291 41.20564679
 48.9981953  47.59978296 51.68051295 44.21657651 60.58235589 59.93098009
 45.26170958 52.49757068 56.75349695 62.44551521 54.00364311 45.59824894
 41.53025543 33.6916927  59.36745499 33.01192358 56.7046801  47.75395577
 39.69293781 46.72654979 50.35619435 43.87280994 45.87000229 60.15477596
 45.70927909 56.18567335 58.47890693 55.74722457 50.99730345 47.66196822
 59.9287189  46.04679906 49.47780579 51.28313031 51.22126162 47.05387702
 52.48042243 54.80640644 55.62256227 41.77238187 59.11034067 49.63611217
 38.83693206 53.90800833 57.03957386 57.17566725 45.42004267 49.43813318
 47.65418187 55.59643308 45.17823117 56.22067771 57.42139123 58.02758584
 44.41089821 44.44674762 40.94906689 62.10793965 43.25444343 50.87886696
 36.75679854 49.82373362 53.58869638 54.78174045 52.18125142 58.00743501
 56.29727148 28.41792235 40.92078001 49.80646262 51.24848769 52.80453546
 47.7742854  63.53796547 53.85720464 41.27562625 59.21345681 56.11457104
 52.2677091  46.05665292 43.66916217 40.20940002 52.83495716 47.79094942
 54.22442062 65.51916472 42.85385811 53.36827237 46.25313244 40.99684309
 51.66627029 48.43454087 53.8389476  64.72831373 59.16294234 56.27951025
 55.40204801 48.06495208 50.00840618 54.11135789 51.6923167  48.01131275
 44.32130121 62.11979076 38.29196348 50.84486031 60.47223601 48.96436973
 40.7864547  55.30391775 44.27429872 58.82570603 47.90207441 49.79982544
 61.51256846 57.77437471 57.18371135 46.09367656 49.2731703  54.81465848
 62.81949931 66.25109313 54.8421119  49.209537   51.26024614 55.72198807
 46.78154117 48.74803463 51.90685452 60.24922256 44.96797628 44.94329566
 50.26301016 32.10395858 53.31625405 57.36349673 50.08090584 57.25056509
 47.00043484 36.44338996 48.90988531 57.37516417 46.22113796 39.26133519
 52.99030748 51.2126896  47.20278274 41.50962435 60.5386214  51.2729395
 36.65744398 52.49267973 46.52366322 36.94747918 54.67577559 49.49168942
 50.42096032 57.19543561 43.26033823 44.50921965 40.97059803 35.61838864
 48.77494184 48.91269811 44.31946655 43.33588939 50.02152735 57.3716988
 51.6491967  49.26332003 48.06512243 31.16594983 54.25815838 46.10701548
 39.31361674 51.77899992 55.45780911 52.0051554  46.3453314  51.95623008
 33.07753882 49.05884766 59.14170095 65.17608003 42.832087   42.53350475
 58.34564468 55.82857649 41.573317   48.56480985 48.95323567 59.58638981
 50.19196625 40.76541785 43.75184924 62.58935992 37.89565577 49.07188928
 53.10530065 46.22720522 51.66893909 52.37951297 55.12163689 32.71702239
 53.39893346 42.57351857 53.02958792 52.28653397 58.41069937 51.66248396
 39.7709379  20.06699895 60.94774548 53.88855993 44.01664921 37.90316298
 41.47876838 44.17224474 51.24397888 64.74185305 47.9847973  48.8540665
 57.20471837 50.79834553 41.19823286 53.30319911 49.43499855 49.75807799
 55.55042234 48.22301066 42.92929751 49.00330138 60.37952996 60.49550056
 44.36516339 56.46673195 56.60800725 53.13201513 67.94876889 47.52042033
 50.50486541 44.53676091 55.26549785 52.52885757 46.20122128 53.9709261
 38.28249885 51.16595804 45.76076117 47.5536297  69.51989276 47.51543589
 47.6946303  58.4439872  36.3969596  46.79385438 53.54613031 63.20670819
 51.47115336 46.55681456 65.00036014 65.46473891 51.00746325 56.84865192
 50.19168532 41.52194273 32.21959914 51.32865449 49.12929969 50.16251163
 55.8536477  61.89538136 54.11929704 53.14285129 64.37881129 42.32432115
 50.00681566 51.49366699 59.66620809 53.31803061 49.99900211 45.26416825
 48.00035303 47.7814963  60.10202751 49.50621764 61.89041198 37.65973501
 49.97930023 56.08838997 49.41412656 60.38336481 56.92586578 45.22633074
 52.84729788 49.9692377  38.34685117 65.87008785 48.81298551 54.24402408
 47.10182475 58.16293751 50.6547676  43.41377412 46.75003154 46.74935686
 48.75277588 50.82005606 45.41539432 53.23355107 45.35988953 58.24353968
 50.93864597 45.84194011 64.45632988 47.58133618 61.41784575 53.55279251
 54.44865389 48.49035859 45.23172075 53.51707139 48.99199636 50.30295094
 36.44055781 46.34891169 56.65189256 60.37528362 41.42652313 49.81402702
 53.98327175 33.99125679 38.64182445 56.79334239 61.65647484 40.85299109
 45.98225627 57.04478137 56.30905499 51.05217843 52.7616761  45.84608145
 63.94146265 36.99509911 61.22319244 55.78027959 68.54451968 46.34777172
 57.63930525 49.21986524 62.32108487 61.7185568  50.60808413 54.99086869
 44.57048759 52.32188395 54.32378239 49.977055   47.14839909 51.35387997
 49.60653528 55.55994904 44.34440604 66.07280817 50.57179456 54.06864282
 39.42570942 51.51150296 54.61451334 55.14660624 34.14455515 43.92062483
 54.38221336 49.2664834  47.06599891 35.15061374 58.04501888 47.12576342
 43.40944966 30.43119464 50.3580257  46.74986336 48.5276131  32.7321549
 49.77136795 34.75222495 52.6352622  51.65192723 53.31221738 50.26489213
 41.10434163 54.0229209  52.33298769 39.13510986 43.6306809  59.0582834
 50.19404871 64.32680361 48.90496489 51.72741313 70.12375781 53.77709704
 46.97187897 53.15410117 49.98412109 47.4880606  47.69743983 33.1415201
 36.75958559 66.77067262 44.05267602 63.98639835 56.88196857 46.91738012
 63.89585356 47.80607474 47.57164178 47.90000091 49.23573627 52.25496982
 46.73644508 47.33169342 48.79370482 48.43812768 51.67378677 33.78581259
 51.68943571 42.05887073 49.58224751 48.62699429 45.75686374 57.25700517
 49.41262709 42.88919317 62.09468978 47.6470688  50.08071513 57.20526118
 42.82277568 45.57636935 49.4491913  37.49626019 49.27771703 43.71498147
 38.66234156 44.28721213 57.61094746 57.9441262  35.5561689  44.89845043
 59.83598472 40.71590469 49.3530795  60.14762261 57.7608866  38.54590453
 51.50800769 49.05164196 63.4637683  37.71767996 65.67413908 41.11761718
 56.85411655 64.63175034 48.90141999 58.77367943 44.8277621  43.24860386
 55.75964045 62.15858152 40.95425077 52.82394544 49.57479576 44.17154208
 52.52952999 53.90689446 46.27109852 46.47993907 40.3859895  50.5161922
 53.97355329 54.63591391 50.4547595  50.77954773 46.18234157 67.26235067
 44.88485943 59.72424463 40.18967165 43.35795901 40.37003419 52.95351761
 43.66042279 58.9560465  44.68179212 52.1685786  40.87756257 47.32745617
 45.19322806 49.99032671 55.9025522  47.2435907  50.11235181 44.26947809
 51.18230781 55.25657085 55.50997136 43.28973543 52.93904464 45.38340121
 38.90405138 57.68828577 49.85223638 49.65134376 49.0083003  38.2048111
 47.79627683 51.23574255 52.41049111 52.85650913 67.0196462  54.4227416
 48.9664374  33.57222701 38.66799619 43.72019921 62.33979141 37.76188138
 53.48969595 45.38917491 52.59462013 67.71606304 61.59370739 53.35726664
 48.46329306 42.41062791 56.15285161 38.44211191 42.49608286 55.04524906
 51.08296751 53.72118622 42.19459387 50.37726462 55.15775684 44.81766646
 77.12646244 48.09423204 66.78536538 40.40254694 51.27858424 50.20106402
 54.70569987 53.50446603 49.06981018 48.2871642  54.84533505 49.92574081
 40.66240715 53.18419258 43.45902482 37.73453664 54.65935683 42.77187236
 59.07182606 67.04972989 45.22436671 62.52356853 56.20554442 41.71309779
 53.27402098 52.6270481  50.86720254 52.41577794 54.86237209 42.41496198
 47.09826444 58.2807531  47.2664324  44.98669    50.54065756 50.32653132
 53.98962052 54.75177124 46.45170408 47.19163402 31.85927082 49.83840294
 45.81773815 48.51130646 51.37942459 45.79673998 50.80054243 45.09909181
 56.26052541 50.02686389 35.06647292 51.08562224 43.8926067  49.61319524
 59.42587443 56.25476003 53.69860785 66.48668812 42.93643861 51.6744895
 50.12209738 40.58276752 44.39001933 48.78121287 55.59656679 55.41201053
 62.0445783  54.71586219 49.82642319 59.67454417 43.42959831 56.38484405
 50.71058765 57.47281929 40.54105667 48.42521131 35.4491901  38.50588909
 55.90495005 39.68629608 48.72140426 42.8243974  58.49251679 46.13253764
 43.78958967 58.92425374 65.98877178 46.33061625 45.1242356  55.97962026
 50.47800055 46.13248282 48.9579338  38.87164257 46.25647093 42.09075563
 39.68712077 41.54869971 57.26338625 42.33088027 56.95908177 42.40553108
 34.08750717 49.09352669 35.96964369 52.77012465 49.61211256 54.37855191
 49.35308348 49.44175637 53.50709027 48.77069242 52.06950038 35.71031315
 51.1920866  42.02928546 53.90720937 46.21902558 54.38093478 42.4747641
 44.59565262 36.28947606 55.84290377 50.2677554  44.06401964 73.65974431
 49.528344   57.5027947  44.54120484 58.93535862 54.33575707 54.28400262
 59.93998149 55.63827814 56.50248252 36.52656927 59.96119944 53.43749949
 57.51880428 45.76537094 49.07783315 48.97971206 43.05619896 52.35675844
 47.14899407 52.54180136 45.65794259 41.76690521 41.66288536 45.89303858
 50.58701108 56.63927865 35.30889187 54.3691472  45.77060452 44.46042531
 43.47215663 55.17154081 30.82039346 51.91087777 49.62334775 65.37322859
 50.45813169 41.91585668 37.35470181 47.66548852 44.11570987 49.27675267
 56.50202011 51.69845373 54.21673688 42.06371519 51.47858541 53.9447116
 52.21444691 46.73090189 49.2396327  56.59295274 45.77361863 59.77373142
 55.09301769 42.74744552 54.50054985 59.10348953 47.90415952 46.2691866
 46.62526237 58.15885456 45.4458131  50.6669764  40.22854053 33.72854703
 58.13793918 60.05073604 65.76902215 50.95841246 62.60481771 74.55938698
 41.32317542 40.0789673  42.40919293 43.96592075 66.72201521 44.01841793
 38.24373874 55.94436246 55.84677043 50.51716189 46.25622968 56.47655606
 42.89931801 47.84253041 54.82807827 47.10226372 43.4165142  63.53509356
 54.24523299 56.26834206 50.80422494 51.10305257 51.52826887 53.80121033
 59.4835142  56.13151868 51.67032811 42.23841628 56.88546606 56.99359167
 48.91696753 47.68516715 49.37446388 44.95461699 46.54997578 37.03657754
 57.93832573 46.79910286 41.19482029 57.66855426
